<?xml version="1.0" encoding="UTF-8" standalone="no" ?>
<COLLADA xmlns="http://www.collada.org/2005/11/COLLADASchema" version="1.4.1">
    <asset>
        <contributor>
            <authoring_tool>SketchUp 17.0.18899</authoring_tool>
        </contributor>
        <created>2017-11-30T14:10:13Z</created>
        <modified>2017-11-30T14:10:13Z</modified>
        <unit meter="0.0254" name="inch" />
        <up_axis>Z_UP</up_axis>
    </asset>
    <library_visual_scenes>
        <visual_scene id="ID1">
            <node name="SketchUp">
                <instance_geometry url="#ID1324">
                    <bind_material>
                        <technique_common>
                            <instance_material symbol="Material2" target="#ID104">
                                <bind_vertex_input semantic="UVSET0" input_semantic="TEXCOORD" input_set="0" />
                            </instance_material>
                        </technique_common>
                    </bind_material>
                </instance_geometry>
                <instance_geometry url="#ID1330">
                    <bind_material>
                        <technique_common>
                            <instance_material symbol="Material2" target="#ID356">
                                <bind_vertex_input semantic="UVSET0" input_semantic="TEXCOORD" input_set="0" />
                            </instance_material>
                        </technique_common>
                    </bind_material>
                </instance_geometry>
                <instance_geometry url="#ID1336">
                    <bind_material>
                        <technique_common>
                            <instance_material symbol="Material2" target="#ID1337">
                                <bind_vertex_input semantic="UVSET0" input_semantic="TEXCOORD" input_set="0" />
                            </instance_material>
                        </technique_common>
                    </bind_material>
                </instance_geometry>
                <instance_geometry url="#ID1344">
                    <bind_material>
                        <technique_common>
                            <instance_material symbol="Material2" target="#ID312">
                                <bind_vertex_input semantic="UVSET0" input_semantic="TEXCOORD" input_set="0" />
                            </instance_material>
                            <instance_material symbol="Material3" target="#ID317">
                                <bind_vertex_input semantic="UVSET0" input_semantic="TEXCOORD" input_set="0" />
                            </instance_material>
                        </technique_common>
                    </bind_material>
                </instance_geometry>
                <instance_geometry url="#ID1350">
                    <bind_material>
                        <technique_common>
                            <instance_material symbol="Material2" target="#ID312">
                                <bind_vertex_input semantic="UVSET0" input_semantic="TEXCOORD" input_set="0" />
                            </instance_material>
                            <instance_material symbol="Material3" target="#ID317">
                                <bind_vertex_input semantic="UVSET0" input_semantic="TEXCOORD" input_set="0" />
                            </instance_material>
                        </technique_common>
                    </bind_material>
                </instance_geometry>
                <instance_geometry url="#ID1356">
                    <bind_material>
                        <technique_common>
                            <instance_material symbol="Material2" target="#ID312">
                                <bind_vertex_input semantic="UVSET0" input_semantic="TEXCOORD" input_set="0" />
                            </instance_material>
                            <instance_material symbol="Material3" target="#ID317">
                                <bind_vertex_input semantic="UVSET0" input_semantic="TEXCOORD" input_set="0" />
                            </instance_material>
                        </technique_common>
                    </bind_material>
                </instance_geometry>
                <instance_geometry url="#ID1362">
                    <bind_material>
                        <technique_common>
                            <instance_material symbol="Material2" target="#ID1363">
                                <bind_vertex_input semantic="UVSET0" input_semantic="TEXCOORD" input_set="0" />
                            </instance_material>
                        </technique_common>
                    </bind_material>
                </instance_geometry>
                <instance_geometry url="#ID1370">
                    <bind_material>
                        <technique_common>
                            <instance_material symbol="Material2" target="#ID312">
                                <bind_vertex_input semantic="UVSET0" input_semantic="TEXCOORD" input_set="0" />
                            </instance_material>
                            <instance_material symbol="Material3" target="#ID317">
                                <bind_vertex_input semantic="UVSET0" input_semantic="TEXCOORD" input_set="0" />
                            </instance_material>
                        </technique_common>
                    </bind_material>
                </instance_geometry>
                <instance_geometry url="#ID1376">
                    <bind_material>
                        <technique_common>
                            <instance_material symbol="Material2" target="#ID503">
                                <bind_vertex_input semantic="UVSET0" input_semantic="TEXCOORD" input_set="0" />
                            </instance_material>
                        </technique_common>
                    </bind_material>
                </instance_geometry>
                <instance_geometry url="#ID1382">
                    <bind_material>
                        <technique_common>
                            <instance_material symbol="Material2" target="#ID230">
                                <bind_vertex_input semantic="UVSET0" input_semantic="TEXCOORD" input_set="0" />
                            </instance_material>
                        </technique_common>
                    </bind_material>
                </instance_geometry>
                <instance_geometry url="#ID1388">
                    <bind_material>
                        <technique_common>
                            <instance_material symbol="Material2" target="#ID230">
                                <bind_vertex_input semantic="UVSET0" input_semantic="TEXCOORD" input_set="0" />
                            </instance_material>
                        </technique_common>
                    </bind_material>
                </instance_geometry>
                <instance_geometry url="#ID1394">
                    <bind_material>
                        <technique_common>
                            <instance_material symbol="Material2" target="#ID312">
                                <bind_vertex_input semantic="UVSET0" input_semantic="TEXCOORD" input_set="0" />
                            </instance_material>
                            <instance_material symbol="Material3" target="#ID317">
                                <bind_vertex_input semantic="UVSET0" input_semantic="TEXCOORD" input_set="0" />
                            </instance_material>
                        </technique_common>
                    </bind_material>
                </instance_geometry>
                <instance_geometry url="#ID1400">
                    <bind_material>
                        <technique_common>
                            <instance_material symbol="Material2" target="#ID503">
                                <bind_vertex_input semantic="UVSET0" input_semantic="TEXCOORD" input_set="0" />
                            </instance_material>
                        </technique_common>
                    </bind_material>
                </instance_geometry>
                <instance_geometry url="#ID1406">
                    <bind_material>
                        <technique_common>
                            <instance_material symbol="Material2" target="#ID503">
                                <bind_vertex_input semantic="UVSET0" input_semantic="TEXCOORD" input_set="0" />
                            </instance_material>
                        </technique_common>
                    </bind_material>
                </instance_geometry>
                <instance_geometry url="#ID1412">
                    <bind_material>
                        <technique_common>
                            <instance_material symbol="Material2" target="#ID230">
                                <bind_vertex_input semantic="UVSET0" input_semantic="TEXCOORD" input_set="0" />
                            </instance_material>
                        </technique_common>
                    </bind_material>
                </instance_geometry>
                <instance_geometry url="#ID1418">
                    <bind_material>
                        <technique_common>
                            <instance_material symbol="Material2" target="#ID104">
                                <bind_vertex_input semantic="UVSET0" input_semantic="TEXCOORD" input_set="0" />
                            </instance_material>
                        </technique_common>
                    </bind_material>
                </instance_geometry>
                <instance_geometry url="#ID1424">
                    <bind_material>
                        <technique_common>
                            <instance_material symbol="Material2" target="#ID104">
                                <bind_vertex_input semantic="UVSET0" input_semantic="TEXCOORD" input_set="0" />
                            </instance_material>
                        </technique_common>
                    </bind_material>
                </instance_geometry>
                <instance_geometry url="#ID1430">
                    <bind_material>
                        <technique_common>
                            <instance_material symbol="Material2" target="#ID230">
                                <bind_vertex_input semantic="UVSET0" input_semantic="TEXCOORD" input_set="0" />
                            </instance_material>
                        </technique_common>
                    </bind_material>
                </instance_geometry>
                <instance_geometry url="#ID1436">
                    <bind_material>
                        <technique_common>
                            <instance_material symbol="Material2" target="#ID104">
                                <bind_vertex_input semantic="UVSET0" input_semantic="TEXCOORD" input_set="0" />
                            </instance_material>
                        </technique_common>
                    </bind_material>
                </instance_geometry>
                <instance_geometry url="#ID1442">
                    <bind_material>
                        <technique_common>
                            <instance_material symbol="Material2" target="#ID104">
                                <bind_vertex_input semantic="UVSET0" input_semantic="TEXCOORD" input_set="0" />
                            </instance_material>
                        </technique_common>
                    </bind_material>
                </instance_geometry>
                <instance_geometry url="#ID1448">
                    <bind_material>
                        <technique_common>
                            <instance_material symbol="Material2" target="#ID230">
                                <bind_vertex_input semantic="UVSET0" input_semantic="TEXCOORD" input_set="0" />
                            </instance_material>
                        </technique_common>
                    </bind_material>
                </instance_geometry>
                <instance_geometry url="#ID1454">
                    <bind_material>
                        <technique_common>
                            <instance_material symbol="Material2" target="#ID104">
                                <bind_vertex_input semantic="UVSET0" input_semantic="TEXCOORD" input_set="0" />
                            </instance_material>
                        </technique_common>
                    </bind_material>
                </instance_geometry>
                <instance_geometry url="#ID1460">
                    <bind_material>
                        <technique_common>
                            <instance_material symbol="Material2" target="#ID230">
                                <bind_vertex_input semantic="UVSET0" input_semantic="TEXCOORD" input_set="0" />
                            </instance_material>
                        </technique_common>
                    </bind_material>
                </instance_geometry>
                <instance_geometry url="#ID1466">
                    <bind_material>
                        <technique_common>
                            <instance_material symbol="Material2" target="#ID104">
                                <bind_vertex_input semantic="UVSET0" input_semantic="TEXCOORD" input_set="0" />
                            </instance_material>
                        </technique_common>
                    </bind_material>
                </instance_geometry>
                <instance_geometry url="#ID1472">
                    <bind_material>
                        <technique_common>
                            <instance_material symbol="Material2" target="#ID230">
                                <bind_vertex_input semantic="UVSET0" input_semantic="TEXCOORD" input_set="0" />
                            </instance_material>
                        </technique_common>
                    </bind_material>
                </instance_geometry>
                <instance_geometry url="#ID1478">
                    <bind_material>
                        <technique_common>
                            <instance_material symbol="Material2" target="#ID104">
                                <bind_vertex_input semantic="UVSET0" input_semantic="TEXCOORD" input_set="0" />
                            </instance_material>
                        </technique_common>
                    </bind_material>
                </instance_geometry>
                <instance_geometry url="#ID1484">
                    <bind_material>
                        <technique_common>
                            <instance_material symbol="Material2" target="#ID312">
                                <bind_vertex_input semantic="UVSET0" input_semantic="TEXCOORD" input_set="0" />
                            </instance_material>
                            <instance_material symbol="Material3" target="#ID317">
                                <bind_vertex_input semantic="UVSET0" input_semantic="TEXCOORD" input_set="0" />
                            </instance_material>
                        </technique_common>
                    </bind_material>
                </instance_geometry>
                <instance_geometry url="#ID1490">
                    <bind_material>
                        <technique_common>
                            <instance_material symbol="Material2" target="#ID104">
                                <bind_vertex_input semantic="UVSET0" input_semantic="TEXCOORD" input_set="0" />
                            </instance_material>
                        </technique_common>
                    </bind_material>
                </instance_geometry>
                <instance_geometry url="#ID1496">
                    <bind_material>
                        <technique_common>
                            <instance_material symbol="Material2" target="#ID104">
                                <bind_vertex_input semantic="UVSET0" input_semantic="TEXCOORD" input_set="0" />
                            </instance_material>
                        </technique_common>
                    </bind_material>
                </instance_geometry>
                <instance_geometry url="#ID1502">
                    <bind_material>
                        <technique_common>
                            <instance_material symbol="Material2" target="#ID312">
                                <bind_vertex_input semantic="UVSET0" input_semantic="TEXCOORD" input_set="0" />
                            </instance_material>
                            <instance_material symbol="Material3" target="#ID317">
                                <bind_vertex_input semantic="UVSET0" input_semantic="TEXCOORD" input_set="0" />
                            </instance_material>
                        </technique_common>
                    </bind_material>
                </instance_geometry>
                <instance_geometry url="#ID1508">
                    <bind_material>
                        <technique_common>
                            <instance_material symbol="Material2" target="#ID503">
                                <bind_vertex_input semantic="UVSET0" input_semantic="TEXCOORD" input_set="0" />
                            </instance_material>
                        </technique_common>
                    </bind_material>
                </instance_geometry>
                <instance_geometry url="#ID1514">
                    <bind_material>
                        <technique_common>
                            <instance_material symbol="Material2" target="#ID503">
                                <bind_vertex_input semantic="UVSET0" input_semantic="TEXCOORD" input_set="0" />
                            </instance_material>
                        </technique_common>
                    </bind_material>
                </instance_geometry>
                <instance_geometry url="#ID1520">
                    <bind_material>
                        <technique_common>
                            <instance_material symbol="Material2" target="#ID503">
                                <bind_vertex_input semantic="UVSET0" input_semantic="TEXCOORD" input_set="0" />
                            </instance_material>
                        </technique_common>
                    </bind_material>
                </instance_geometry>
                <instance_geometry url="#ID1526">
                    <bind_material>
                        <technique_common>
                            <instance_material symbol="Material2" target="#ID230">
                                <bind_vertex_input semantic="UVSET0" input_semantic="TEXCOORD" input_set="0" />
                            </instance_material>
                        </technique_common>
                    </bind_material>
                </instance_geometry>
                <instance_geometry url="#ID1532">
                    <bind_material>
                        <technique_common>
                            <instance_material symbol="Material2" target="#ID432">
                                <bind_vertex_input semantic="UVSET0" input_semantic="TEXCOORD" input_set="0" />
                            </instance_material>
                        </technique_common>
                    </bind_material>
                </instance_geometry>
                <instance_geometry url="#ID1536">
                    <bind_material>
                        <technique_common>
                            <instance_material symbol="Material2" target="#ID432">
                                <bind_vertex_input semantic="UVSET0" input_semantic="TEXCOORD" input_set="0" />
                            </instance_material>
                        </technique_common>
                    </bind_material>
                </instance_geometry>
                <instance_geometry url="#ID1540">
                    <bind_material>
                        <technique_common>
                            <instance_material symbol="Material2" target="#ID432">
                                <bind_vertex_input semantic="UVSET0" input_semantic="TEXCOORD" input_set="0" />
                            </instance_material>
                        </technique_common>
                    </bind_material>
                </instance_geometry>
                <instance_geometry url="#ID1544">
                    <bind_material>
                        <technique_common>
                            <instance_material symbol="Material2" target="#ID432">
                                <bind_vertex_input semantic="UVSET0" input_semantic="TEXCOORD" input_set="0" />
                            </instance_material>
                        </technique_common>
                    </bind_material>
                </instance_geometry>
                <instance_geometry url="#ID1548">
                    <bind_material>
                        <technique_common>
                            <instance_material symbol="Material2" target="#ID432">
                                <bind_vertex_input semantic="UVSET0" input_semantic="TEXCOORD" input_set="0" />
                            </instance_material>
                        </technique_common>
                    </bind_material>
                </instance_geometry>
                <instance_geometry url="#ID1552">
                    <bind_material>
                        <technique_common>
                            <instance_material symbol="Material2" target="#ID432">
                                <bind_vertex_input semantic="UVSET0" input_semantic="TEXCOORD" input_set="0" />
                            </instance_material>
                        </technique_common>
                    </bind_material>
                </instance_geometry>
                <node id="ID2" name="instance_0">
                    <matrix>0.9033353 0.4289351 0 -282.2532 -0.4289351 0.9033353 0 -202.5047 0 -0 1 389.7638 0 0 0 1</matrix>
                    <instance_node url="#ID3" />
                </node>
                <node id="ID125" name="instance_9">
                    <matrix>0.7857013 -3.494208e-18 -0.6186061 -183.4639 -0.6186061 -4.438049e-18 -0.7857013 -215.5582 2.542228e-32 1 -5.648519e-18 291.3386 0 0 0 1</matrix>
                    <instance_node url="#ID126" />
                </node>
                <node id="ID196" name="instance_10">
                    <matrix>0.7857013 -3.494208e-18 -0.6186061 -168.511 -0.6186061 -4.438049e-18 -0.7857013 -227.331 2.542228e-32 1 -5.648519e-18 133.8583 0 0 0 1</matrix>
                    <instance_node url="#ID126" />
                </node>
                <node id="ID197" name="instance_11">
                    <matrix>0.9033353 0 -0.4289351 -15.77133 -0.4289351 0 -0.9033353 -320.323 0 1 0 133.8583 0 0 0 1</matrix>
                    <instance_node url="#ID126" />
                </node>
                <node id="ID198" name="instance_12">
                    <matrix>0.9033353 0 -0.4289351 133.6852 -0.4289351 0 -0.9033353 -391.2902 0 1 0 133.8583 0 0 0 1</matrix>
                    <instance_node url="#ID126" />
                </node>
                <node id="ID199" name="instance_13">
                    <matrix>0.9033353 0 -0.4289351 -15.77133 -0.4289351 0 -0.9033353 -320.323 0 1 0 291.3386 0 0 0 1</matrix>
                    <instance_node url="#ID126" />
                </node>
                <node id="ID200" name="instance_14">
                    <matrix>0.9033353 0 -0.4289351 133.6852 -0.4289351 0 -0.9033353 -391.2902 0 1 0 291.3386 0 0 0 1</matrix>
                    <instance_node url="#ID126" />
                </node>
                <node id="ID201" name="instance_15">
                    <matrix>-0.9033353 -1.290222e-16 0.4289351 488.614 0.4289351 -2.7172e-16 0.9033353 222.4924 0 1 3.007964e-16 291.3386 0 0 0 1</matrix>
                    <instance_node url="#ID126" />
                </node>
                <node id="ID202" name="instance_16">
                    <matrix>-0.9033353 -1.290222e-16 0.4289351 347.7471 0.4289351 -2.7172e-16 0.9033353 289.3809 0 1 3.007964e-16 291.3386 0 0 0 1</matrix>
                    <instance_node url="#ID126" />
                </node>
                <node id="ID203" name="instance_17">
                    <matrix>-0.9033353 -1.290222e-16 0.4289351 153.7517 0.4289351 -2.7172e-16 0.9033353 381.4967 0 1 3.007964e-16 291.3386 0 0 0 1</matrix>
                    <instance_node url="#ID126" />
                </node>
                <node id="ID204" name="instance_18">
                    <matrix>-0.9033353 -1.290222e-16 0.4289351 347.7471 0.4289351 -2.7172e-16 0.9033353 289.3809 0 1 3.007964e-16 133.8583 0 0 0 1</matrix>
                    <instance_node url="#ID126" />
                </node>
                <node id="ID205" name="instance_19">
                    <matrix>-0.9033353 -1.290222e-16 0.4289351 153.7517 0.4289351 -2.7172e-16 0.9033353 381.4967 0 1 3.007964e-16 133.8583 0 0 0 1</matrix>
                    <instance_node url="#ID126" />
                </node>
                <node id="ID206" name="instance_20">
                    <matrix>0.4289351 -6.831842e-17 0.9033353 288.843 0.9033353 3.243997e-17 -0.4289351 -366.4669 -3.081488e-32 1 7.562908e-17 291.3386 0 0 0 1</matrix>
                    <instance_node url="#ID126" />
                </node>
                <node id="ID207" name="instance_21">
                    <matrix>0.4289351 -6.831842e-17 0.9033353 340.1801 0.9033353 3.243997e-17 -0.4289351 -258.3512 -3.081488e-32 1 7.562908e-17 291.3386 0 0 0 1</matrix>
                    <instance_node url="#ID126" />
                </node>
                <node id="ID208" name="instance_22">
                    <matrix>0.4289351 -6.831842e-17 0.9033353 391.5172 0.9033353 3.243997e-17 -0.4289351 -150.2355 -3.081488e-32 1 7.562908e-17 291.3386 0 0 0 1</matrix>
                    <instance_node url="#ID126" />
                </node>
                <node id="ID209" name="instance_23">
                    <matrix>0.4289351 -6.831842e-17 0.9033353 442.8543 0.9033353 3.243997e-17 -0.4289351 -42.11975 -3.081488e-32 1 7.562908e-17 291.3386 0 0 0 1</matrix>
                    <instance_node url="#ID126" />
                </node>
                <node id="ID210" name="instance_24">
                    <matrix>0.4289351 -6.831842e-17 0.9033353 494.1915 0.9033353 3.243997e-17 -0.4289351 65.99597 -3.081488e-32 1 7.562908e-17 291.3386 0 0 0 1</matrix>
                    <instance_node url="#ID126" />
                </node>
                <node id="ID211" name="instance_25">
                    <matrix>0.4289351 -6.831842e-17 0.9033353 288.843 0.9033353 3.243997e-17 -0.4289351 -366.4669 -3.081488e-32 1 7.562908e-17 133.8583 0 0 0 1</matrix>
                    <instance_node url="#ID126" />
                </node>
                <node id="ID212" name="instance_26">
                    <matrix>0.4289351 -6.831842e-17 0.9033353 340.1801 0.9033353 3.243997e-17 -0.4289351 -258.3512 -3.081488e-32 1 7.562908e-17 133.8583 0 0 0 1</matrix>
                    <instance_node url="#ID126" />
                </node>
                <node id="ID213" name="instance_27">
                    <matrix>0.4289351 -6.831842e-17 0.9033353 391.5172 0.9033353 3.243997e-17 -0.4289351 -150.2355 -3.081488e-32 1 7.562908e-17 133.8583 0 0 0 1</matrix>
                    <instance_node url="#ID126" />
                </node>
                <node id="ID214" name="instance_28">
                    <matrix>0.4289351 -6.831842e-17 0.9033353 494.1915 0.9033353 3.243997e-17 -0.4289351 65.99597 -3.081488e-32 1 7.562908e-17 133.8583 0 0 0 1</matrix>
                    <instance_node url="#ID126" />
                </node>
                <node id="ID215" name="instance_29">
                    <matrix>-0.4289351 -6.793001e-17 -0.9033353 -0.842442 -0.9033353 3.225554e-17 0.4289351 369.0343 0 1 -7.519911e-17 291.3386 0 0 0 1</matrix>
                    <instance_node url="#ID126" />
                </node>
                <node id="ID216" name="instance_30">
                    <matrix>-0.4289351 -6.793001e-17 -0.9033353 -52.08254 -0.9033353 3.225554e-17 0.4289351 261.1229 0 1 -7.519911e-17 291.3386 0 0 0 1</matrix>
                    <instance_node url="#ID126" />
                </node>
                <node id="ID217" name="instance_31">
                    <matrix>-0.4289351 -6.793001e-17 -0.9033353 -137.7009 -0.9033353 3.225554e-17 0.4289351 80.81106 0 1 -7.519911e-17 291.3386 0 0 0 1</matrix>
                    <instance_node url="#ID126" />
                </node>
                <node id="ID218" name="instance_32">
                    <matrix>-0.4289351 -6.793001e-17 -0.9033353 -191.5985 -0.9033353 3.225554e-17 0.4289351 -32.69704 0 1 -7.519911e-17 291.3386 0 0 0 1</matrix>
                    <instance_node url="#ID126" />
                </node>
                <node id="ID219" name="instance_33">
                    <matrix>-0.4289351 -6.793001e-17 -0.9033353 -0.842442 -0.9033353 3.225554e-17 0.4289351 369.0343 0 1 -7.519911e-17 133.8583 0 0 0 1</matrix>
                    <instance_node url="#ID126" />
                </node>
                <node id="ID220" name="instance_34">
                    <matrix>-0.4289351 -6.793001e-17 -0.9033353 -137.7009 -0.9033353 3.225554e-17 0.4289351 80.81106 0 1 -7.519911e-17 133.8583 0 0 0 1</matrix>
                    <instance_node url="#ID126" />
                </node>
                <node id="ID221" name="instance_35">
                    <matrix>-0.4289351 -6.793001e-17 -0.9033353 -52.08254 -0.9033353 3.225554e-17 0.4289351 261.1229 0 1 -7.519911e-17 133.8583 0 0 0 1</matrix>
                    <instance_node url="#ID222" />
                </node>
                <node id="ID237" name="instance_36">
                    <matrix>-0.4289351 -6.793001e-17 -0.9033353 -191.5985 -0.9033353 3.225554e-17 0.4289351 -32.69704 0 1 -7.519911e-17 133.8583 0 0 0 1</matrix>
                    <instance_node url="#ID222" />
                </node>
                <node id="ID238" name="instance_37">
                    <matrix>0.9033353 0.4289351 0 -282.2532 -0.4289351 0.9033353 0 -202.5047 0 -0 1 389.7638 0 0 0 1</matrix>
                    <instance_node url="#ID239" />
                </node>
                <node id="ID449" name="instance_40">
                    <matrix>0.9033353 -1.156479e-16 -0.4289351 -15.77133 -0.4289351 -2.43554e-16 -0.9033353 -320.323 -3.697785e-32 1 -2.696164e-16 205.2244 0 0 0 1</matrix>
                    <instance_node url="#ID450" />
                </node>
                <node id="ID463" name="instance_41">
                    <matrix>0.9033353 -1.156479e-16 -0.4289351 133.6852 -0.4289351 -2.43554e-16 -0.9033353 -391.2902 -3.697785e-32 1 -2.696164e-16 102.3622 0 0 0 1</matrix>
                    <instance_node url="#ID464" />
                </node>
                <node id="ID477" name="instance_42">
                    <matrix>0.9033353 -1.156479e-16 -0.4289351 -15.77133 -0.4289351 -2.43554e-16 -0.9033353 -320.323 -3.697785e-32 1 -2.696164e-16 102.3622 0 0 0 1</matrix>
                    <instance_node url="#ID464" />
                </node>
                <node id="ID478" name="instance_43">
                    <matrix>0.9033353 1.032177e-16 -0.4289351 -15.77133 -0.4289351 2.17376e-16 -0.9033353 -320.323 0 1 2.406371e-16 259.8425 0 0 0 1</matrix>
                    <instance_node url="#ID464" />
                </node>
                <node id="ID479" name="instance_44">
                    <matrix>0.9033353 1.032177e-16 -0.4289351 133.6852 -0.4289351 2.17376e-16 -0.9033353 -391.2902 0 1 2.406371e-16 259.8425 0 0 0 1</matrix>
                    <instance_node url="#ID464" />
                </node>
                <node id="ID480" name="instance_45">
                    <matrix>0.9033353 -1.156479e-16 -0.4289351 133.6852 -0.4289351 -2.43554e-16 -0.9033353 -391.2902 -3.697785e-32 1 -2.696164e-16 205.2244 0 0 0 1</matrix>
                    <instance_node url="#ID450" />
                </node>
                <node id="ID481" name="instance_46">
                    <matrix>0.4289351 9.225038e-17 0.9033353 288.843 0.9033353 -4.38037e-17 -0.4289351 -366.4669 6.162976e-33 1 -1.02122e-16 259.8425 0 0 0 1</matrix>
                    <instance_node url="#ID464" />
                </node>
                <node id="ID482" name="instance_47">
                    <matrix>0.4289351 9.225038e-17 0.9033353 340.1801 0.9033353 -4.38037e-17 -0.4289351 -258.3512 6.162976e-33 1 -1.02122e-16 259.8425 0 0 0 1</matrix>
                    <instance_node url="#ID464" />
                </node>
                <node id="ID483" name="instance_48">
                    <matrix>0.4289351 9.225038e-17 0.9033353 391.5172 0.9033353 -4.38037e-17 -0.4289351 -150.2355 6.162976e-33 1 -1.02122e-16 259.8425 0 0 0 1</matrix>
                    <instance_node url="#ID464" />
                </node>
                <node id="ID484" name="instance_49">
                    <matrix>0.4289351 9.225038e-17 0.9033353 442.8543 0.9033353 -4.38037e-17 -0.4289351 -42.11975 6.162976e-33 1 -1.02122e-16 259.8425 0 0 0 1</matrix>
                    <instance_node url="#ID464" />
                </node>
                <node id="ID485" name="instance_50">
                    <matrix>0.4289351 9.225038e-17 0.9033353 494.1915 0.9033353 -4.38037e-17 -0.4289351 65.99597 6.162976e-33 1 -1.02122e-16 259.8425 0 0 0 1</matrix>
                    <instance_node url="#ID464" />
                </node>
                <node id="ID486" name="instance_51">
                    <matrix>0.4289351 9.225038e-17 0.9033353 288.843 0.9033353 -4.38037e-17 -0.4289351 -366.4669 6.162976e-33 1 -1.02122e-16 102.3622 0 0 0 1</matrix>
                    <instance_node url="#ID464" />
                </node>
                <node id="ID487" name="instance_52">
                    <matrix>0.4289351 9.225038e-17 0.9033353 340.1801 0.9033353 -4.38037e-17 -0.4289351 -258.3512 6.162976e-33 1 -1.02122e-16 102.3622 0 0 0 1</matrix>
                    <instance_node url="#ID464" />
                </node>
                <node id="ID488" name="instance_53">
                    <matrix>0.4289351 9.225038e-17 0.9033353 391.5172 0.9033353 -4.38037e-17 -0.4289351 -150.2355 6.162976e-33 1 -1.02122e-16 102.3622 0 0 0 1</matrix>
                    <instance_node url="#ID464" />
                </node>
                <node id="ID489" name="instance_54">
                    <matrix>0.4289351 9.225038e-17 0.9033353 494.1915 0.9033353 -4.38037e-17 -0.4289351 65.99597 6.162976e-33 1 -1.02122e-16 102.3622 0 0 0 1</matrix>
                    <instance_node url="#ID464" />
                </node>
                <node id="ID490" name="instance_55">
                    <matrix>0.4289351 9.225038e-17 0.9033353 288.843 0.9033353 -4.38037e-17 -0.4289351 -366.4669 6.162976e-33 1 -1.02122e-16 205.2244 0 0 0 1</matrix>
                    <instance_node url="#ID450" />
                </node>
                <node id="ID491" name="instance_56">
                    <matrix>0.4289351 9.225038e-17 0.9033353 340.1801 0.9033353 -4.38037e-17 -0.4289351 -258.3512 6.162976e-33 1 -1.02122e-16 205.2244 0 0 0 1</matrix>
                    <instance_node url="#ID450" />
                </node>
                <node id="ID492" name="instance_57">
                    <matrix>0.4289351 9.225038e-17 0.9033353 391.5172 0.9033353 -4.38037e-17 -0.4289351 -150.2355 6.162976e-33 1 -1.02122e-16 205.2244 0 0 0 1</matrix>
                    <instance_node url="#ID450" />
                </node>
                <node id="ID493" name="instance_58">
                    <matrix>0.4289351 9.225038e-17 0.9033353 494.1915 0.9033353 -4.38037e-17 -0.4289351 65.99597 6.162976e-33 1 -1.02122e-16 205.2244 0 0 0 1</matrix>
                    <instance_node url="#ID450" />
                </node>
                <node id="ID494" name="instance_59">
                    <matrix>0.4289351 9.225038e-17 0.9033353 258.6149 0.9033353 -4.38037e-17 -0.4289351 -430.1272 6.162976e-33 1 -1.02122e-16 259.8425 0 0 0 1</matrix>
                    <instance_node url="#ID495" />
                </node>
                <node id="ID510" name="instance_60">
                    <matrix>0.4219567 9.225038e-17 0.9033353 310.4438 0.8886386 -4.38037e-17 -0.4289351 -320.9757 0 1 -1.02122e-16 259.8425 0 0 0 1</matrix>
                    <instance_node url="#ID495" />
                </node>
                <node id="ID511" name="instance_61">
                    <matrix>0.4219567 9.225038e-17 0.9033353 361.7809 0.8886386 -4.38037e-17 -0.4289351 -212.86 0 1 -1.02122e-16 259.8425 0 0 0 1</matrix>
                    <instance_node url="#ID495" />
                </node>
                <node id="ID512" name="instance_62">
                    <matrix>0.4219567 9.225038e-17 0.9033353 413.118 0.8886386 -4.38037e-17 -0.4289351 -104.7443 0 1 -1.02122e-16 259.8425 0 0 0 1</matrix>
                    <instance_node url="#ID495" />
                </node>
                <node id="ID513" name="instance_63">
                    <matrix>0.4219567 9.225038e-17 0.9033353 464.4551 0.8886386 -4.38037e-17 -0.4289351 3.371432 0 1 -1.02122e-16 259.8425 0 0 0 1</matrix>
                    <instance_node url="#ID495" />
                </node>
                <node id="ID514" name="instance_64">
                    <matrix>0.4289351 3.056531e-17 0.9033353 258.6149 0.9033353 -1.451348e-17 -0.4289351 -430.1272 0 1 -3.383607e-17 102.3622 0 0 0 1</matrix>
                    <instance_node url="#ID515" />
                </node>
                <node id="ID528" name="instance_65">
                    <matrix>0.4219567 3.056531e-17 0.9033353 310.4438 0.8886386 -1.451348e-17 -0.4289351 -320.9757 0 1 -3.383607e-17 102.3622 0 0 0 1</matrix>
                    <instance_node url="#ID515" />
                </node>
                <node id="ID529" name="instance_66">
                    <matrix>0.4219567 3.056531e-17 0.9033353 361.7809 0.8886386 -1.451348e-17 -0.4289351 -212.86 0 1 -3.383607e-17 102.3622 0 0 0 1</matrix>
                    <instance_node url="#ID515" />
                </node>
                <node id="ID530" name="instance_67">
                    <matrix>-0.9033353 -1.290222e-16 0.4289351 488.614 0.4289351 -2.7172e-16 0.9033353 222.4924 -2.46519e-32 1 3.007964e-16 133.8583 0 0 0 1</matrix>
                    <instance_node url="#ID222" />
                </node>
                <node id="ID531" name="instance_68">
                    <matrix>-0.9033353 -1.290222e-16 0.4289351 488.614 0.4289351 -2.7172e-16 0.9033353 222.4924 -2.46519e-32 1 3.007964e-16 259.8425 0 0 0 1</matrix>
                    <instance_node url="#ID464" />
                </node>
                <node id="ID532" name="instance_69">
                    <matrix>-0.9033353 -1.290222e-16 0.4289351 347.7471 0.4289351 -2.7172e-16 0.9033353 289.3809 -2.46519e-32 1 3.007964e-16 259.8425 0 0 0 1</matrix>
                    <instance_node url="#ID464" />
                </node>
                <node id="ID533" name="instance_70">
                    <matrix>-0.9033353 -1.290222e-16 0.4289351 153.7517 0.4289351 -2.7172e-16 0.9033353 381.4967 -2.46519e-32 1 3.007964e-16 259.8425 0 0 0 1</matrix>
                    <instance_node url="#ID464" />
                </node>
                <node id="ID534" name="instance_71">
                    <matrix>-1.353376 -1.911591e-16 0.4289351 443.1228 0.64263 -4.025802e-16 0.9033353 244.0932 4.379058e-47 1.233333 3.613458e-16 102.3622 0 0 0 1</matrix>
                    <instance_node url="#ID495" />
                </node>
                <node id="ID535" name="instance_72">
