<?xml version="1.0" encoding="UTF-8" standalone="no" ?>
<COLLADA xmlns="http://www.collada.org/2005/11/COLLADASchema" version="1.4.1">
    <asset>
        <contributor>
            <authoring_tool>SketchUp 17.0.18899</authoring_tool>
        </contributor>
        <created>2017-11-30T12:51:14Z</created>
        <modified>2017-11-30T12:51:14Z</modified>
        <unit meter="0.0254" name="inch" />
        <up_axis>Z_UP</up_axis>
    </asset>
    <library_visual_scenes>
        <visual_scene id="ID1">
            <node name="SketchUp">
                <instance_geometry url="#ID454">
                    <bind_material>
                        <technique_common>
                            <instance_material symbol="Material2" target="#ID312">
                                <bind_vertex_input semantic="UVSET0" input_semantic="TEXCOORD" input_set="0" />
                            </instance_material>
                            <instance_material symbol="Material3" target="#ID317">
                                <bind_vertex_input semantic="UVSET0" input_semantic="TEXCOORD" input_set="0" />
                            </instance_material>
                        </technique_common>
                    </bind_material>
                </instance_geometry>
                <instance_geometry url="#ID460">
                    <bind_material>
                        <technique_common>
                            <instance_material symbol="Material2" target="#ID106">
                                <bind_vertex_input semantic="UVSET0" input_semantic="TEXCOORD" input_set="0" />
                            </instance_material>
                        </technique_common>
                    </bind_material>
                </instance_geometry>
                <instance_geometry url="#ID466">
                    <bind_material>
                        <technique_common>
                            <instance_material symbol="Material2" target="#ID312">
                                <bind_vertex_input semantic="UVSET0" input_semantic="TEXCOORD" input_set="0" />
                            </instance_material>
                            <instance_material symbol="Material3" target="#ID317">
                                <bind_vertex_input semantic="UVSET0" input_semantic="TEXCOORD" input_set="0" />
                            </instance_material>
                        </technique_common>
                    </bind_material>
                </instance_geometry>
                <instance_geometry url="#ID472">
                    <bind_material>
                        <technique_common>
                            <instance_material symbol="Material2" target="#ID285">
                                <bind_vertex_input semantic="UVSET0" input_semantic="TEXCOORD" input_set="0" />
                            </instance_material>
                        </technique_common>
                    </bind_material>
                </instance_geometry>
                <instance_geometry url="#ID480">
                    <bind_material>
                        <technique_common>
                            <instance_material symbol="Material2" target="#ID312">
                                <bind_vertex_input semantic="UVSET0" input_semantic="TEXCOORD" input_set="0" />
                            </instance_material>
                            <instance_material symbol="Material3" target="#ID317">
                                <bind_vertex_input semantic="UVSET0" input_semantic="TEXCOORD" input_set="0" />
                            </instance_material>
                        </technique_common>
                    </bind_material>
                </instance_geometry>
                <instance_geometry url="#ID486">
                    <bind_material>
                        <technique_common>
                            <instance_material symbol="Material2" target="#ID285">
                                <bind_vertex_input semantic="UVSET0" input_semantic="TEXCOORD" input_set="0" />
                            </instance_material>
                        </technique_common>
                    </bind_material>
                </instance_geometry>
                <instance_geometry url="#ID494">
                    <bind_material>
                        <technique_common>
                            <instance_material symbol="Material2" target="#ID495">
                                <bind_vertex_input semantic="UVSET0" input_semantic="TEXCOORD" input_set="0" />
                            </instance_material>
                        </technique_common>
                    </bind_material>
                </instance_geometry>
                <instance_geometry url="#ID502">
                    <bind_material>
                        <technique_common>
                            <instance_material symbol="Material2" target="#ID503">
                                <bind_vertex_input semantic="UVSET0" input_semantic="TEXCOORD" input_set="0" />
                            </instance_material>
                        </technique_common>
                    </bind_material>
                </instance_geometry>
                <instance_geometry url="#ID510">
                    <bind_material>
                        <technique_common>
                            <instance_material symbol="Material2" target="#ID503">
                                <bind_vertex_input semantic="UVSET0" input_semantic="TEXCOORD" input_set="0" />
                            </instance_material>
                        </technique_common>
                    </bind_material>
                </instance_geometry>
                <instance_geometry url="#ID516">
                    <bind_material>
                        <technique_common>
                            <instance_material symbol="Material2" target="#ID503">
                                <bind_vertex_input semantic="UVSET0" input_semantic="TEXCOORD" input_set="0" />
                            </instance_material>
                        </technique_common>
                    </bind_material>
                </instance_geometry>
                <instance_geometry url="#ID522">
                    <bind_material>
                        <technique_common>
                            <instance_material symbol="Material2" target="#ID503">
                                <bind_vertex_input semantic="UVSET0" input_semantic="TEXCOORD" input_set="0" />
                            </instance_material>
                        </technique_common>
                    </bind_material>
                </instance_geometry>
                <instance_geometry url="#ID528">
                    <bind_material>
                        <technique_common>
                            <instance_material symbol="Material2" target="#ID503">
                                <bind_vertex_input semantic="UVSET0" input_semantic="TEXCOORD" input_set="0" />
                            </instance_material>
                        </technique_common>
                    </bind_material>
                </instance_geometry>
                <instance_geometry url="#ID534">
                    <bind_material>
                        <technique_common>
                            <instance_material symbol="Material2" target="#ID503">
                                <bind_vertex_input semantic="UVSET0" input_semantic="TEXCOORD" input_set="0" />
                            </instance_material>
                        </technique_common>
                    </bind_material>
                </instance_geometry>
                <instance_geometry url="#ID540">
                    <bind_material>
                        <technique_common>
                            <instance_material symbol="Material2" target="#ID503">
                                <bind_vertex_input semantic="UVSET0" input_semantic="TEXCOORD" input_set="0" />
                            </instance_material>
                        </technique_common>
                    </bind_material>
                </instance_geometry>
                <instance_geometry url="#ID546">
                    <bind_material>
                        <technique_common>
                            <instance_material symbol="Material2" target="#ID5">
                                <bind_vertex_input semantic="UVSET0" input_semantic="TEXCOORD" input_set="0" />
                            </instance_material>
                        </technique_common>
                    </bind_material>
                </instance_geometry>
                <instance_geometry url="#ID554">
                    <bind_material>
                        <technique_common>
                            <instance_material symbol="Material2" target="#ID312">
                                <bind_vertex_input semantic="UVSET0" input_semantic="TEXCOORD" input_set="0" />
                            </instance_material>
                            <instance_material symbol="Material3" target="#ID317">
                                <bind_vertex_input semantic="UVSET0" input_semantic="TEXCOORD" input_set="0" />
                            </instance_material>
                        </technique_common>
                    </bind_material>
                </instance_geometry>
                <instance_geometry url="#ID560">
                    <bind_material>
                        <technique_common>
                            <instance_material symbol="Material2" target="#ID312">
                                <bind_vertex_input semantic="UVSET0" input_semantic="TEXCOORD" input_set="0" />
                            </instance_material>
                            <instance_material symbol="Material3" target="#ID317">
                                <bind_vertex_input semantic="UVSET0" input_semantic="TEXCOORD" input_set="0" />
                            </instance_material>
                        </technique_common>
                    </bind_material>
                </instance_geometry>
                <instance_geometry url="#ID566">
                    <bind_material>
                        <technique_common>
                            <instance_material symbol="Material2" target="#ID312">
                                <bind_vertex_input semantic="UVSET0" input_semantic="TEXCOORD" input_set="0" />
                            </instance_material>
                            <instance_material symbol="Material3" target="#ID317">
                                <bind_vertex_input semantic="UVSET0" input_semantic="TEXCOORD" input_set="0" />
                            </instance_material>
                        </technique_common>
                    </bind_material>
                </instance_geometry>
                <instance_geometry url="#ID572">
                    <bind_material>
                        <technique_common>
                            <instance_material symbol="Material2" target="#ID495">
                                <bind_vertex_input semantic="UVSET0" input_semantic="TEXCOORD" input_set="0" />
                            </instance_material>
                        </technique_common>
                    </bind_material>
                </instance_geometry>
                <instance_geometry url="#ID578">
                    <bind_material>
                        <technique_common>
                            <instance_material symbol="Material2" target="#ID495">
                                <bind_vertex_input semantic="UVSET0" input_semantic="TEXCOORD" input_set="0" />
                            </instance_material>
                        </technique_common>
                    </bind_material>
                </instance_geometry>
                <instance_geometry url="#ID584">
                    <bind_material>
                        <technique_common>
                            <instance_material symbol="Material2" target="#ID495">
                                <bind_vertex_input semantic="UVSET0" input_semantic="TEXCOORD" input_set="0" />
                            </instance_material>
                        </technique_common>
                    </bind_material>
                </instance_geometry>
                <instance_geometry url="#ID590">
                    <bind_material>
                        <technique_common>
                            <instance_material symbol="Material2" target="#ID495">
                                <bind_vertex_input semantic="UVSET0" input_semantic="TEXCOORD" input_set="0" />
                            </instance_material>
                        </technique_common>
                    </bind_material>
                </instance_geometry>
                <instance_geometry url="#ID596">
                    <bind_material>
                        <technique_common>
                            <instance_material symbol="Material2" target="#ID495">
                                <bind_vertex_input semantic="UVSET0" input_semantic="TEXCOORD" input_set="0" />
                            </instance_material>
                        </technique_common>
                    </bind_material>
                </instance_geometry>
                <instance_geometry url="#ID602">
                    <bind_material>
                        <technique_common>
                            <instance_material symbol="Material2" target="#ID495">
                                <bind_vertex_input semantic="UVSET0" input_semantic="TEXCOORD" input_set="0" />
                            </instance_material>
                        </technique_common>
                    </bind_material>
                </instance_geometry>
                <instance_geometry url="#ID608">
                    <bind_material>
                        <technique_common>
                            <instance_material symbol="Material2" target="#ID503">
                                <bind_vertex_input semantic="UVSET0" input_semantic="TEXCOORD" input_set="0" />
                            </instance_material>
                        </technique_common>
                    </bind_material>
                </instance_geometry>
                <instance_geometry url="#ID614">
                    <bind_material>
                        <technique_common>
                            <instance_material symbol="Material2" target="#ID503">
                                <bind_vertex_input semantic="UVSET0" input_semantic="TEXCOORD" input_set="0" />
                            </instance_material>
                        </technique_common>
                    </bind_material>
                </instance_geometry>
                <instance_geometry url="#ID620">
                    <bind_material>
                        <technique_common>
                            <instance_material symbol="Material2" target="#ID503">
                                <bind_vertex_input semantic="UVSET0" input_semantic="TEXCOORD" input_set="0" />
                            </instance_material>
                        </technique_common>
                    </bind_material>
                </instance_geometry>
                <instance_geometry url="#ID626">
                    <bind_material>
                        <technique_common>
                            <instance_material symbol="Material2" target="#ID503">
                                <bind_vertex_input semantic="UVSET0" input_semantic="TEXCOORD" input_set="0" />
                            </instance_material>
                        </technique_common>
                    </bind_material>
                </instance_geometry>
                <instance_geometry url="#ID632">
                    <bind_material>
                        <technique_common>
                            <instance_material symbol="Material2" target="#ID495">
                                <bind_vertex_input semantic="UVSET0" input_semantic="TEXCOORD" input_set="0" />
                            </instance_material>
                        </technique_common>
                    </bind_material>
                </instance_geometry>
                <instance_geometry url="#ID638">
                    <bind_material>
                        <technique_common>
                            <instance_material symbol="Material2" target="#ID495">
                                <bind_vertex_input semantic="UVSET0" input_semantic="TEXCOORD" input_set="0" />
                            </instance_material>
                        </technique_common>
                    </bind_material>
                </instance_geometry>
                <instance_geometry url="#ID644">
                    <bind_material>
                        <technique_common>
                            <instance_material symbol="Material2" target="#ID495">
                                <bind_vertex_input semantic="UVSET0" input_semantic="TEXCOORD" input_set="0" />
                            </instance_material>
                        </technique_common>
                    </bind_material>
                </instance_geometry>
                <instance_geometry url="#ID650">
                    <bind_material>
                        <technique_common>
                            <instance_material symbol="Material2" target="#ID495">
                                <bind_vertex_input semantic="UVSET0" input_semantic="TEXCOORD" input_set="0" />
                            </instance_material>
                        </technique_common>
                    </bind_material>
                </instance_geometry>
                <instance_geometry url="#ID656">
                    <bind_material>
                        <technique_common>
                            <instance_material symbol="Material2" target="#ID495">
                                <bind_vertex_input semantic="UVSET0" input_semantic="TEXCOORD" input_set="0" />
                            </instance_material>
                        </technique_common>
                    </bind_material>
                </instance_geometry>
                <instance_geometry url="#ID662">
                    <bind_material>
                        <technique_common>
                            <instance_material symbol="Material2" target="#ID495">
                                <bind_vertex_input semantic="UVSET0" input_semantic="TEXCOORD" input_set="0" />
                            </instance_material>
                        </technique_common>
                    </bind_material>
                </instance_geometry>
                <instance_geometry url="#ID668">
                    <bind_material>
                        <technique_common>
                            <instance_material symbol="Material2" target="#ID669">
                                <bind_vertex_input semantic="UVSET0" input_semantic="TEXCOORD" input_set="0" />
                            </instance_material>
                        </technique_common>
                    </bind_material>
                </instance_geometry>
                <node id="ID2" name="instance_0">
                    <matrix>-0.7933533 0 -0.6087614 -222.4015 -0.6087614 0 0.7933533 991.1478 0 1 0 157.4803 0 0 0 1</matrix>
                    <instance_node url="#ID3" />
                </node>
                <node id="ID55" name="instance_1">
                    <matrix>-0.7933533 0 -0.6087614 -222.4015 -0.6087614 0 0.7933533 991.1478 0 1 0 102.7559 0 0 0 1</matrix>
                    <instance_node url="#ID56" />
                </node>
                <node id="ID65" name="instance_2">
                    <matrix>-0.6292435 4.549871e-17 0.7772082 566.7541 0.7772082 3.683668e-17 0.6292435 388.133 -1.232595e-32 1 -5.854122e-17 156.6929 0 0 0 1</matrix>
                    <instance_node url="#ID66" />
                </node>
                <node id="ID113" name="instance_3">
                    <matrix>-0.6292435 4.549871e-17 0.7772082 489.9354 0.7772082 3.683668e-17 0.6292435 483.0154 -1.232595e-32 1 -5.854122e-17 156.6929 0 0 0 1</matrix>
                    <instance_node url="#ID66" />
                </node>
                <node id="ID114" name="instance_4">
                    <matrix>-0.6087614 0 0.7933533 154.8044 0.7933533 -0 0.6087614 917.3474 0 1 0 156.6929 0 0 0 1</matrix>
                    <instance_node url="#ID66" />
                </node>
                <node id="ID115" name="instance_5">
                    <matrix>-0.6087614 0 0.7933533 407.6698 0.7933533 -0 0.6087614 587.8068 0 1 0 156.6929 0 0 0 1</matrix>
                    <instance_node url="#ID66" />
                </node>
                <node id="ID116" name="instance_6">
                    <matrix>-0.6087614 0 0.7933533 341.6536 0.7933533 -0 0.6087614 673.8408 0 1 0 156.6929 0 0 0 1</matrix>
                    <instance_node url="#ID66" />
                </node>
                <node id="ID117" name="instance_7">
                    <matrix>-0.6087614 0 0.7933533 283.2966 0.7933533 -0 0.6087614 749.893 0 1 0 156.6929 0 0 0 1</matrix>
                    <instance_node url="#ID66" />
                </node>
                <node id="ID118" name="instance_8">
                    <matrix>-0.6087614 0 0.7933533 92.18187 0.7933533 -0 0.6087614 998.9586 0 1 0 156.6929 0 0 0 1</matrix>
                    <instance_node url="#ID66" />
                </node>
                <node id="ID119" name="instance_9">
                    <matrix>-0.6087614 0 0.7933533 407.6698 0.7933533 -0 0.6087614 587.8068 0 1 0 52.3622 0 0 0 1</matrix>
                    <instance_node url="#ID66" />
                </node>
                <node id="ID120" name="instance_10">
                    <matrix>-0.6087614 0 0.7933533 341.6536 0.7933533 -0 0.6087614 673.8408 0 1 0 52.3622 0 0 0 1</matrix>
                    <instance_node url="#ID66" />
                </node>
                <node id="ID121" name="instance_11">
                    <matrix>-0.6087614 0 0.7933533 283.2966 0.7933533 -0 0.6087614 749.893 0 1 0 52.3622 0 0 0 1</matrix>
                    <instance_node url="#ID66" />
                </node>
                <node id="ID122" name="instance_12">
                    <matrix>-0.6087614 0 0.7933533 219.5691 0.7933533 -0 0.6087614 832.9444 0 1 0 52.3622 0 0 0 1</matrix>
                    <instance_node url="#ID66" />
                </node>
                <node id="ID123" name="instance_13">
                    <matrix>-0.6087614 0 0.7933533 154.8044 0.7933533 -0 0.6087614 917.3474 0 1 0 52.3622 0 0 0 1</matrix>
                    <instance_node url="#ID66" />
                </node>
                <node id="ID124" name="instance_14">
                    <matrix>-0.6087614 0 0.7933533 91.97564 0.7933533 -0 0.6087614 999.2274 0 1 0 52.3622 0 0 0 1</matrix>
                    <instance_node url="#ID66" />
                </node>
                <node id="ID125" name="instance_15">
                    <matrix>-0.6783763 5.38692e-17 0.7347147 619.7334 0.7347147 4.973847e-17 0.6783763 511.4038 6.162976e-33 1 -7.331989e-17 11.81102 0 0 0 1</matrix>
                    <instance_node url="#ID3" />
                </node>
                <node id="ID126" name="instance_16">
                    <matrix>-0.6087614 0 0.7933533 219.5691 0.7933533 -0 0.6087614 832.9444 0 1 0 156.6929 0 0 0 1</matrix>
                    <instance_node url="#ID66" />
                </node>
                <node id="ID127" name="instance_17">
                    <matrix>0.7933533 -0 0.6087614 258.2122 0.6087614 0 -0.7933533 87.05704 0 1 0 156.6929 0 0 0 1</matrix>
                    <instance_node url="#ID66" />
                </node>
                <node id="ID128" name="instance_18">
                    <matrix>0.7933533 -0 0.6087614 360.3148 0.6087614 0 -0.7933533 165.4031 0 1 0 156.6929 0 0 0 1</matrix>
                    <instance_node url="#ID66" />
                </node>
                <node id="ID129" name="instance_19">
                    <matrix>0.7933533 -0 0.6087614 473.476 0.6087614 0 -0.7933533 252.2347 0 1 0 156.6929 0 0 0 1</matrix>
                    <instance_node url="#ID66" />
                </node>
                <node id="ID130" name="instance_20">
                    <matrix>0.7933533 -0 0.6087614 258.2122 0.6087614 0 -0.7933533 87.05704 0 1 0 40.55118 0 0 0 1</matrix>
                    <instance_node url="#ID66" />
                </node>
                <node id="ID131" name="instance_21">
                    <matrix>0.7933533 -0 0.6087614 360.3148 0.6087614 0 -0.7933533 165.4031 0 1 0 40.55118 0 0 0 1</matrix>
                    <instance_node url="#ID66" />
                </node>
                <node id="ID132" name="instance_22">
                    <matrix>0.7933533 -0 0.6087614 473.476 0.6087614 0 -0.7933533 252.2347 0 1 0 40.55118 0 0 0 1</matrix>
                    <instance_node url="#ID66" />
                </node>
                <node id="ID133" name="instance_23">
                    <matrix>0.6087614 2.177684e-16 -0.7933533 -347.72 -0.7933533 1.670996e-16 -0.6087614 739.9158 4.930381e-32 1 2.74491e-16 156.6929 0 0 0 1</matrix>
                    <instance_node url="#ID66" />
                </node>
                <node id="ID134" name="instance_24">
                    <matrix>0.6087614 2.177684e-16 -0.7933533 -282.6899 -0.7933533 1.670996e-16 -0.6087614 655.1669 4.930381e-32 1 2.74491e-16 156.6929 0 0 0 1</matrix>
                    <instance_node url="#ID66" />
                </node>
                <node id="ID135" name="instance_25">
                    <matrix>0.6087614 2.177684e-16 -0.7933533 -216.6794 -0.7933533 1.670996e-16 -0.6087614 569.1404 4.930381e-32 1 2.74491e-16 156.6929 0 0 0 1</matrix>
                    <instance_node url="#ID66" />
                </node>
                <node id="ID136" name="instance_26">
                    <matrix>0.6087614 2.177684e-16 -0.7933533 -146.8282 -0.7933533 1.670996e-16 -0.6087614 478.1085 4.930381e-32 1 2.74491e-16 156.6929 0 0 0 1</matrix>
                    <instance_node url="#ID66" />
                </node>
                <node id="ID137" name="instance_27">
                    <matrix>0.6087614 2.177684e-16 -0.7933533 -76.51836 -0.7933533 1.670996e-16 -0.6087614 386.4789 4.930381e-32 1 2.74491e-16 156.6929 0 0 0 1</matrix>
                    <instance_node url="#ID66" />
                </node>
                <node id="ID138" name="instance_28">
                    <matrix>0.6087614 2.177684e-16 -0.7933533 -7.607694 -0.7933533 1.670996e-16 -0.6087614 296.6728 4.930381e-32 1 2.74491e-16 156.6929 0 0 0 1</matrix>
                    <instance_node url="#ID66" />
                </node>
                <node id="ID139" name="instance_29">
                    <matrix>0.6087614 2.177684e-16 -0.7933533 56.01877 -0.7933533 1.670996e-16 -0.6087614 213.7532 4.930381e-32 1 2.74491e-16 156.6929 0 0 0 1</matrix>
                    <instance_node url="#ID66" />
                </node>
                <node id="ID140" name="instance_30">
                    <matrix>0.6087614 2.177684e-16 -0.7933533 121.2849 -0.7933533 1.670996e-16 -0.6087614 128.6966 4.930381e-32 1 2.74491e-16 156.6929 0 0 0 1</matrix>
                    <instance_node url="#ID66" />
                </node>
                <node id="ID141" name="instance_31">
                    <matrix>0.6087614 0 -0.7933533 121.2849 -0.7933533 0 -0.6087614 128.6966 0 1 0 40.55118 0 0 0 1</matrix>
                    <instance_node url="#ID66" />
                </node>
                <node id="ID142" name="instance_32">
                    <matrix>0.6087614 0 -0.7933533 56.01877 -0.7933533 0 -0.6087614 213.7532 0 1 0 40.55118 0 0 0 1</matrix>
                    <instance_node url="#ID66" />
                </node>
                <node id="ID143" name="instance_33">
                    <matrix>0.6087614 0 -0.7933533 -7.607694 -0.7933533 0 -0.6087614 296.6728 0 1 0 40.55118 0 0 0 1</matrix>
                    <instance_node url="#ID66" />
                </node>
                <node id="ID144" name="instance_34">
                    <matrix>0.6087614 0 -0.7933533 -76.51836 -0.7933533 0 -0.6087614 386.4789 0 1 0 40.55118 0 0 0 1</matrix>
                    <instance_node url="#ID66" />
                </node>
                <node id="ID145" name="instance_35">
                    <matrix>0.6087614 0 -0.7933533 -216.6794 -0.7933533 0 -0.6087614 569.1404 0 1 0 40.55118 0 0 0 1</matrix>
                    <instance_node url="#ID66" />
                </node>
                <node id="ID146" name="instance_36">
                    <matrix>0.6087614 0 -0.7933533 -282.6899 -0.7933533 0 -0.6087614 655.1669 0 1 0 40.55118 0 0 0 1</matrix>
                    <instance_node url="#ID66" />
                </node>
                <node id="ID147" name="instance_37">
                    <matrix>0.6087614 0 -0.7933533 -347.72 -0.7933533 0 -0.6087614 739.9158 0 1 0 40.55118 0 0 0 1</matrix>
                    <instance_node url="#ID66" />
                </node>
                <node id="ID148" name="instance_38">
                    <matrix>0.6087614 0 -0.7933533 91.60695 -0.7933533 0 -0.6087614 167.3738 0 1 0 47.63942 0 0 0 1</matrix>
                    <instance_node url="#ID56" />
                </node>
                <node id="ID149" name="instance_39">
                    <matrix>0.7933533 -0 0.6087614 602.0125 0.6087614 0 -0.7933533 411.9029 0 1 0 20.09117 0 0 0 1</matrix>
                    <instance_node url="#ID3" />
                </node>
                <node id="ID150" name="instance_40">
                    <matrix>0.7933533 -0.6087614 0 -117.0322 0.6087614 0.7933533 0 895.8649 -0 0 1 287.4016 0 0 0 1</matrix>
                    <instance_node url="#ID151" />
                </node>
                <node id="ID320" name="instance_42">
                    <matrix>-0.6087614 -0.7933533 0 -189.8075 0.7933533 -0.6087614 0 663.8379 0 0 1 287.4016 0 0 0 1</matrix>
                    <instance_node url="#ID151" />
                </node>
                <node id="ID321" name="instance_43">
                    <matrix>-0.6087614 -0.7933533 0 -123.2139 0.7933533 -0.6087614 0 577.0515 0 0 1 287.4016 0 0 0 1</matrix>
                    <instance_node url="#ID151" />
                </node>
                <node id="ID322" name="instance_44">
                    <matrix>-0.6087614 -0.7933533 0 -55.30632 0.7933533 -0.6087614 0 488.5526 0 0 1 287.4016 0 0 0 1</matrix>
                    <instance_node url="#ID151" />
                </node>
                <node id="ID323" name="instance_45">
                    <matrix>-0.6087614 -0.7933533 0 12.58017 0.7933533 -0.6087614 0 400.0812 0 0 1 287.4016 0 0 0 1</matrix>
                    <instance_node url="#ID151" />
                </node>
                <node id="ID324" name="instance_46">
                    <matrix>-0.6087614 -0.7933533 0 77.78895 0.7933533 -0.6087614 0 315.0995 0 0 1 287.4016 0 0 0 1</matrix>
                    <instance_node url="#ID151" />
                </node>
                <node id="ID325" name="instance_47">
                    <matrix>-0.6087614 -0.7933533 0 145.1643 0.7933533 -0.6087614 0 227.2942 0 0 1 287.4016 0 0 0 1</matrix>
                    <instance_node url="#ID151" />
                </node>
                <node id="ID326" name="instance_48">
                    <matrix>0.6087614 0.7933533 0 408.1251 -0.7933533 0.6087614 0 463.8437 0 -0 1 287.4016 0 0 0 1</matrix>
                    <instance_node url="#ID151" />
                </node>
                <node id="ID327" name="instance_49">
                    <matrix>0.6087614 0.7933533 0 287.632 -0.7933533 0.6087614 0 619.2787 0 -0 1 287.4016 0 0 0 1</matrix>
                    <instance_node url="#ID151" />
                </node>
                <node id="ID328" name="instance_50">
                    <matrix>0.6087614 0.7933533 0 176.2818 -0.7933533 0.6087614 0 762.9195 0 -0 1 287.4016 0 0 0 1</matrix>
                    <instance_node url="#ID151" />
                </node>
                <node id="ID329" name="instance_51">
                    <matrix>0.6087614 0.7933533 0 54.1877 -0.7933533 0.6087614 0 920.4197 0 -0 1 287.4016 0 0 0 1</matrix>
                    <instance_node url="#ID151" />
                </node>
                <node id="ID330" name="instance_52">
                    <matrix>0.7933533 -0.6087614 0 -197.8502 0.6087614 0.7933533 0 833.851 -0 0 1 287.4016 0 0 0 1</matrix>
                    <instance_node url="#ID151" />
                </node>
                <node id="ID331" name="instance_53">
                    <matrix>0.7933533 -0.6087614 0 191.0492 0.6087614 0.7933533 0 28.07727 -0 0 1 248.0315 0 0 0 1</matrix>
                    <instance_node url="#ID332" />
                </node>
                <node id="ID347" name="instance_54">
                    <matrix>0.7933533 -0.6087614 0 -87.42956 0.6087614 0.7933533 0 688.3064 -0 0 1 439.0684 0 0 0 1</matrix>
                    <instance_node url="#ID348" />
                </node>
                <node id="ID371" name="instance_55">
                    <matrix>0.7933533 -0.6087614 0 180.3399 0.6087614 0.7933533 0 352.5441 -0 0 1 439.0684 0 0 0 1</matrix>
                    <instance_node url="#ID348" />
                </node>
                <node id="ID372" name="instance_56">
                    <matrix>0.7933533 -0.6087614 0 -10.16754 0.6087614 0.7933533 0 555.2263 -0 0 1 417.3228 0 0 0 1</matrix>
                    <instance_node url="#ID373" />
                </node>
                <node id="ID430" name="instance_57">
                    <matrix>0.7933533 -0.6087614 0 82.20852 0.6087614 0.7933533 0 440.3982 -0 0 1 417.3228 0 0 0 1</matrix>
                    <instance_node url="#ID373" />
                </node>
                <node id="ID431" name="instance_58">
                    <matrix>0.7933533 -0.6087614 0 243.7594 0.6087614 0.7933533 0 396.647 -0 0 1 473.622 0 0 0 1</matrix>
                    <instance_node url="#ID432" />
                </node>
                <node id="ID451" name="instance_59">
                    <matrix>0.7933533 -0.6087614 0 -4.219918 0.6087614 0.7933533 0 707.594 -0 0 1 473.622 0 0 0 1</matrix>
                    <instance_node url="#ID432" />
                </node>
                <node id="ID452" name="instance_60">
                    <matrix>-0.5938086 -0.8046064 0 320.6408 0.8046064 -0.5938086 0 315.6776 0 0 1 417.3228 0 0 0 1</matrix>
                    <instance_node url="#ID373" />
                </node>
                <node id="ID453" name="instance_61">
                    <matrix>-0.7933533 0.6087614 0 365.0742 -0.6087614 -0.7933533 0 263.8059 0 0 1 287.4016 0 0 0 1</matrix>
                    <instance_node url="#ID151" />
                </node>
            </node>
        </visual_scene>
    </library_visual_scenes>
    <library_nodes>
        <node id="ID3" name="okno_budova1">
            <instance_geometry url="#ID4">
                <bind_material>
                    <technique_common>
                        <instance_material symbol="Material2" target="#ID5">
                            <bind_vertex_input semantic="UVSET0" input_semantic="TEXCOORD" input_set="0" />
                        </instance_material>
                    </technique_common>
                </bind_material>
            </instance_geometry>
            <instance_geometry url="#ID17">
                <bind_material>
                    <technique_common>
                        <instance_material symbol="Material2" target="#ID5">
                            <bind_vertex_input semantic="UVSET0" input_semantic="TEXCOORD" input_set="0" />
                        </instance_material>
                    </technique_common>
                </bind_material>
            </instance_geometry>
            <instance_geometry url="#ID25">
                <bind_material>
                    <technique_common>
                        <instance_material symbol="Material2" target="#ID26">
                            <bind_vertex_input semantic="UVSET0" input_semantic="TEXCOORD" input_set="0" />
                        </instance_material>
                    </technique_common>
                </bind_material>
            </instance_geometry>
            <instance_geometry url="#ID33">
                <bind_material>
                    <technique_common>
                        <instance_material symbol="Material2" target="#ID5">
                            <bind_vertex_input semantic="UVSET0" input_semantic="TEXCOORD" input_set="0" />
                        </instance_material>
                    </technique_common>
                </bind_material>
            </instance_geometry>
            <instance_geometry url="#ID41">
                <bind_material>
                    <technique_common>
                        <instance_material symbol="Material2" target="#ID5">
                            <bind_vertex_input semantic="UVSET0" input_semantic="TEXCOORD" input_set="0" />
                        </instance_material>
                    </technique_common>
                </bind_material>
            </instance_geometry>
            <instance_geometry url="#ID49">
                <bind_material>
                    <technique_common>
                        <instance_material symbol="Material2" target="#ID26">
                            <bind_vertex_input semantic="UVSET0" input_semantic="TEXCOORD" input_set="0" />
                        </instance_material>
                    </technique_common>
                </bind_material>
            </instance_geometry>
        </node>
        <node id="ID56" name="okno_budova2">
            <instance_geometry url="#ID57">
                <bind_material>
                    <technique_common>
                        <instance_material symbol="Material2" target="#ID5">
                            <bind_vertex_input semantic="UVSET0" input_semantic="TEXCOORD" input_set="0" />
                        </instance_material>
                    </technique_common>
                </bind_material>
            </instance_geometry>
        </node>
        <node id="ID66" name="okno_budova_vystupky">
            <instance_geometry url="#ID67">
                <bind_material>
                    <technique_common>
                        <instance_material symbol="Material2" target="#ID5">
                            <bind_vertex_input semantic="UVSET0" input_semantic="TEXCOORD" input_set="0" />
                        </instance_material>
                    </technique_common>
                </bind_material>
            </instance_geometry>
            <instance_geometry url="#ID75">
                <bind_material>
                    <technique_common>
                        <instance_material symbol="Material2" target="#ID5">
                            <bind_vertex_input semantic="UVSET0" input_semantic="TEXCOORD" input_set="0" />
                        </instance_material>
                    </technique_common>
                </bind_material>
            </instance_geometry>
            <instance_geometry url="#ID83">
                <bind_material>
                    <technique_common>
                        <instance_material symbol="Material2" target="#ID26">
                            <bind_vertex_input semantic="UVSET0" input_semantic="TEXCOORD" input_set="0" />
                        </instance_material>
                    </technique_common>
                </bind_material>
            </instance_geometry>
            <instance_geometry url="#ID89">
                <bind_material>
                    <technique_common>
                        <instance_material symbol="Material2" target="#ID5">
